Solved:

May
15.05 - 1
16.05 - 283
17.05 - 344, 13
18.05 - 110, 104, 111, 136, 876
19.05 - 206, 771
20.05 - 665
21.05 - 349, 242
22.05 - 7, 326
25.05 - 217, 287, 268
26.05 - 169
27.05 - 209
28.05 - 3

June
01.06 - 148
02.06 - 21, 88, 234, 141, 160
04.06 - 101
05.06 - 617
06.06 - 226
08.06 - 543, 108, 109, 112
09.06 - 437, 20, 22
10.06 - 46
11.06 - 60
12.06 - 47
13.06 - 784
14.06 - 280
15.06 - 190
16.06 - 222
18.06 - 461
19.06 - 191, 231
21.06 - 371
22.06 - 2
23.06 - 69, 278, 997
25.06 - 207
28.06 - 210
30.06 - 310, 133

July
01.07 - 28
02.07 - 116
03.07 - 394

Done with help:
287, 209, 148, 101, 22, 46, 190, 69, 207, 310, 116

Done by myself but need attention:
110, 876, 206, 665, 169, 109, 437, 47, 371, 133